[bg2.jpg]
filters=finetune2=1,0.000000,0.000000,0.000000,00000000,0.064327;autocolor=1;fill=1,1.000000;PencilSketch=1,2.000000,100.000000,0.000000;
moddate=68618e3f0036d201
width=1920
height=1200
textactive=0
